((("pop_back" .
   [1 0 0 1 0 0 0 1])
  ("public" .
   [1 0 0 0 0 0])
  ("swap" .
   [2 0 0 1])
  ("string" .
   [1 0 0 0 0 0])
  ("see" .
   [1 0 0])
  ("pos" .
   [2 0 0])
  ("std" .
   [6 0 0])
  ("vector" .
   [1 0 1 0 0 0])
  ("include" .
   [2 0 0 0 0 0 0])
  ("str" .
   [2 0 0])
  ("inline" .
   [1 0 0 0 0 0])
  ("Scanner" .
   [0 1 2 0 0 0 0])
  ("new" .
   [1 0 0])
  ("pop_front" .
   [1 0 0 0 0 0 0 0 0])
  ("asda" .
   [1 0 0 0])
  ("asdas" .
   [1 0 0 0 0])
  ("for" .
   [5 0 0])
  ("int" .
   [2 0 0])))
